NOAA 1                  
1 04793U 70106A   24175.15578773 -.00000024  00000+0  11956-3 0  9990
2 04793 101.4452 227.0982 0031133 325.9952  98.6132 12.54028866450413
NOAA 2 (ITOS-D)         
1 06235U 72082A   24174.91007997 -.00000023  00000+0  14859-3 0  9990
2 06235 102.0144 173.9480 0004488 107.8468 311.2829 12.53181442364224
NOAA 3                  
1 06920U 73086A   24175.01093390 -.00000050  00000+0 -26558-4 0  9991
2 06920 102.2764 171.0515 0006764  18.6157  48.6264 12.40367972292309
NOAA 4                  
1 07529U 74089A   24174.96861979 -.00000044  00000+0  14336-4 0  9993
2 07529 101.9867 169.2832 0009251 135.0220 293.3477 12.53180923268801
NOAA 5                  
1 09057U 76077A   24174.92425821 -.00000049  00000+0 -24200-4 0  9995
2 09057 102.2070 148.3410 0009217 224.0957 149.3924 12.37801262165088
TIROS N                 
1 11060U 78096A   24175.13208977  .00000231  00000+0  13133-3 0  9993
2 11060  98.5314 215.3038 0010683 172.3957 187.7383 14.18832749576297
NOAA 6                  
1 11416U 79057A   24175.52973440  .00000366  00000+0  14529-3 0  9992
2 11416  98.6281 196.7451 0009023 237.8800 122.1509 14.34545015347370
NOAA 7                  
1 12553U 81059A   24175.19195534  .00000103  00000+0  73050-4 0  9997
2 12553  98.8931 234.5210 0011636 172.3393 187.7961 14.17535537222385
NOAA 8                  
1 13923U 83022A   24174.95416127  .00000204  00000+0  97738-4 0  9999
2 13923  98.7294 174.9273 0014229 212.7127 147.3175 14.29260583147596
NOAA 9                  
1 15427U 84123A   24174.96458417  .00000175  00000+0  11120-3 0  9999
2 15427  99.1174 172.5426 0013805 238.1498 182.8315 14.16606654 40866
NOAA 10                 
1 16969U 86073A   24174.94805538  .00000198  00000+0  96184-4 0  9994
2 16969  98.6404 160.8262 0011364 320.1057  94.0130 14.28633658965971
NOAA 11                 
1 19531U 88089A   24174.87147492  .00000078  00000+0  61341-4 0  9995
2 19531  98.5183 137.1860 0010353 213.7192 146.3325 14.15543443844990
NOAA 12                 
1 21263U 91032A   24175.51961099  .00000155  00000+0  82585-4 0  9990
2 21263  98.5573 166.4922 0013454 348.5520  11.5352 14.26324383722045
NOAA 13                 
1 22739U 93050A   24174.88002094  .00000174  00000+0  11504-3 0  9994
2 22739  98.6063 132.1679 0010345  42.5053 317.6919 14.13225654591057
NOAA 14                 
1 23455U 94089A   24175.52817162  .00000071  00000+0  58492-4 0  9999
2 23455  98.4318 171.1822 0009706  11.7693 348.3707 14.14401961521130
NOAA 15                 
1 25338U 98030A   24175.47878149  .00000293  00000+0  13933-3 0  9993
2 25338  98.5678 202.4741 0009274 310.7355  49.3019 14.26609273358330
NOAA 16                 
1 26536U 00055A   24175.17035612  .00000130  00000+0  91032-4 0  9998
2 26536  98.5306 214.4947 0009796 213.2691 146.7867 14.13590789224926
NOAA 17                 
1 27453U 02032A   24175.52574559  .00000191  00000+0  99585-4 0  9999
2 27453  98.7632 126.1130 0010636 293.3492  66.6568 14.25597796143864
NOAA 18                 
1 28654U 05018A   24175.43841034  .00000268  00000+0  16628-3 0  9996
2 28654  98.8745 252.3514 0014940  49.3561 310.8908 14.13236514984141
NOAA 19                 
1 33591U 09005A   24175.46146975  .00000249  00000+0  15769-3 0  9991
2 33591  99.0467 231.3270 0012735 274.5821  85.3896 14.13031934792515
SUOMI NPP               
1 37849U 11061A   24175.45643717  .00000292  00000+0  15950-3 0  9991
2 37849  98.7223 113.3428 0000450 121.7479 238.3741 14.19520649655753
NOAA 20 (JPSS-1)        
1 43013U 17073A   24175.47393350  .00000084  00000+0  60546-4 0  9998
2 43013  98.7065 113.2907 0001206 134.0007 226.1269 14.19598995341797
NOAA 21 (JPSS-2)        
1 54234U 22150A   24175.15698380  .00000108  00000+0  71943-4 0  9993
2 54234  98.7519 112.9808 0001840 101.7702 258.3681 14.19528857 83823
OSCAR 7 (AO-7)          
1 07530U 74089B   24175.54364031 -.00000046  00000+0  41279-5 0  9996
2 07530 101.9776 170.2511 0012638  72.5820  43.3650 12.53676388270075
PHASE 3B (AO-10)        
1 14129U 83058B   24167.92656876 -.00000490  00000+0  00000+0 0  9992
2 14129  27.4378 339.2768 6034717 277.0346  21.9121  2.05867968280439
UOSAT 2 (UO-11)         
1 14781U 84021B   24175.48342422  .00001710  00000+0  19786-3 0  9996
2 14781  97.7049 144.5654 0009549  61.7178 298.5001 14.86759687170425
LUSAT (LO-19)           
1 20442U 90005G   24175.43555929  .00000212  00000+0  93290-4 0  9998
2 20442  98.8821 165.8669 0011963 162.1428 198.0178 14.33556227798731
EYESAT A (AO-27)        
1 22825U 93061C   24175.20324534  .00000173  00000+0  83722-4 0  9996
2 22825  98.7880 228.0414 0009409  65.2848 294.9313 14.30509280603740
ITAMSAT (IO-26)         
1 22826U 93061D   24175.18019771  .00000199  00000+0  93128-4 0  9997
2 22826  98.7826 227.8819 0009771  51.6294 308.5764 14.30892018604009
RADIO ROSTO (RS-15)     
1 23439U 94085A   24174.87870009 -.00000022  00000+0  58216-3 0  9993
2 23439  64.8192  34.5647 0149944 142.6437 218.5024 11.27577594214232
JAS-2 (FO-29)           
1 24278U 96046B   24175.40437272  .00000029  00000+0  64087-4 0  9995
2 24278  98.5806 109.2458 0350213 171.9948 188.6987 13.53190922375527
TECHSAT 1B (GO-32)      
1 25397U 98043D   24175.49058872  .00000113  00000+0  68959-4 0  9997
2 25397  98.9218 142.3074 0002134 116.5896 243.5501 14.24059252348539
ISS (ZARYA)             
1 25544U 98067A   24175.55009259  .00016649  00000+0  30201-3 0  9998
2 25544  51.6417 283.7698 0010899 359.4002 174.6743 15.49669887459530
PCSAT (NO-44)           
1 26931U 01043C   24174.79700366  .00000255  00000+0  12772-3 0  9998
2 26931  67.0519 317.0600 0007192 278.6363  81.3923 14.31257675186756
SAUDISAT 1C (SO-50)     
1 27607U 02058C   24175.21818429  .00001187  00000+0  17823-3 0  9991
2 27607  64.5526 203.0100 0026353 109.6531 250.7420 14.79039985157426
CUTE-1 (CO-55)          
1 27844U 03031E   24175.48785190  .00000431  00000+0  20960-3 0  9990
2 27844  98.6762 182.4289 0010837 122.5450 237.6777 14.23284641 88715
CUBESAT XI-IV (CO-57)   
1 27848U 03031J   24175.49479913  .00000360  00000+0  18027-3 0  9990
2 27848  98.6793 182.6771 0010510 137.2753 222.9244 14.22723020 88486
MOZHAYETS 4 (RS-22)     
1 27939U 03042A   24175.54794130  .00001419  00000+0  24497-3 0  9994
2 27939  98.2916 331.8481 0012752  45.0351  42.1469 14.70000940109214
CUBESAT XI-V            
1 28895U 05043F   24174.89881485  .00001889  00000+0  33968-3 0  9990
2 28895  98.2024 310.7338 0015076 343.7161  16.3557 14.67763924995298
CUTE-1.7+APD II (CO-65) 
1 32785U 08021C   24175.16691059  .00004486  00000+0  39617-3 0  9992
2 32785  97.7542 140.4438 0009663 311.3263  48.7126 14.96839730876445
SEEDS II (CO-66)        
1 32791U 08021J   24174.85594187  .00008044  00000+0  58624-3 0  9991
2 32791  97.6913 145.9934 0003141 297.9507  62.1401 15.04006038877375
YUBILEINY (RS-30)       
1 32953U 08025A   24175.42973992  .00000033  00000+0  16492-3 0  9991
2 32953  82.5030  85.6042 0020595  90.0806 270.2633 12.43142682729904
KKS-1 (KISEKI)          
1 33499U 09002H   24174.90075293  .00001729  00000+0  24223-3 0  9996
2 33499  98.1391  76.6020 0009921 108.9012 251.3275 14.78817828828966
SWISSCUBE               
1 35932U 09051B   24174.71813352  .00001381  00000+0  30374-3 0  9997
2 35932  98.4709  58.1406 0006223 309.4245  50.6402 14.59117802783367
BEESAT-1                
1 35933U 09051C   24175.20406822  .00001129  00000+0  25158-3 0  9997
2 35933  98.4638  59.5377 0004779 325.2121  34.8765 14.58845782783588
ITUPSAT1                
1 35935U 09051E   24174.60527692  .00001096  00000+0  25015-3 0  9996
2 35935  98.4735  58.7097 0007208 330.4664  29.6126 14.57798192783087
XIWANG-1 (HOPE-1)       
1 36122U 09072B   24174.88732703 -.00000044  00000+0 -81819-6 0  9990
2 36122 100.2943 133.0110 0008233  90.1846 270.0211 13.16402597697708
O/OREOS (USA 219)       
1 37224U 10062C   24175.45907517  .00002441  00000+0  27598-3 0  9998
2 37224  71.9728 272.9632 0015783 355.8173   4.2859 14.87367069  8761
JUGNU                   
1 37839U 11058B   24174.91375782  .00000508  00000+0  12737-3 0  9990
2 37839  19.9624  27.1396 0018725   0.0471 119.4405 14.13226574656530
SRMSAT                  
1 37841U 11058D   24175.21371803  .00000434  00000+0  92578-4 0  9997
2 37841  19.9713 120.3289 0011921 160.4156 337.3699 14.11129476655638
M-CUBED & EXP-1 PRIME   
1 37855U 11061F   24175.09427185  .00896296  40316-3  15047-2 0  9998
2 37855 101.6775   7.1793 0027192 288.9298  70.9018 16.02098436694475
STRAND-1                
1 39090U 13009E   24175.47794081  .00000404  00000+0  15344-3 0  9990
2 39090  98.3811   3.5913 0007919 228.7895 131.2610 14.36094487593165
ZACUBE-1 (TSHEPISOSAT)  
1 39417U 13066B   24175.16666005  .00004275  00000+0  44558-3 0  9995
2 39417  97.7347 131.0016 0051852 139.1176 221.3949 14.89305034572476
GOMX-1                  
1 39430U 13066Q   24175.47318918  .00001618  00000+0  27562-3 0  9995
2 39430  97.7318  49.4774 0138651 232.5448 126.3078 14.64223041563966
CUBEBUG-2 (LO-74)       
1 39440U 13066AA  24175.18013050  .00002973  00000+0  35405-3 0  9993
2 39440  97.8136 118.7207 0067954 254.2652 105.1060 14.83457199570421
FUNCUBE-1 (AO-73)       
1 39444U 13066AE  24174.84602586  .00006068  00000+0  58704-3 0  9993
2 39444  97.7202 133.8253 0049851 121.0470 239.5657 14.92188370571542
UWE-3                   
1 39446U 13066AG  24174.83948142  .00002949  00000+0  33175-3 0  9994
2 39446  97.7814 124.4585 0059688 199.3652 160.5296 14.86164778569544
SPROUT                  
1 39770U 14029E   24175.46105004  .00158262  00000+0  27560-2 0  9996
2 39770  98.0076 328.7464 0006782 214.0245 146.0570 15.50158216548625
UNISAT-6                
1 40012U 14033C   24175.49579521  .00002611  00000+0  34486-3 0  9996
2 40012  97.7037 337.6637 0051281 284.9204  74.6333 14.79947706538773
DUCHIFAT-1              
1 40021U 14033M   24174.93592432  .00010691  00000+0  70820-3 0  9999
2 40021  98.0896 159.0633 0015174  84.2613 276.0343 15.07414473544990
QB50P1                  
1 40025U 14033R   24175.42165586  .00005629  00000+0  45883-3 0  9990
2 40025  98.0383 136.3825 0013000 138.1721 222.0497 14.99834416544322
KAITUO 1A               
1 40904U 15049F   24175.50152219  .00038464  00000+0  72673-3 0  9992
2 40904  97.4822 192.4690 0004417 281.3473  78.7280 15.48327348485426
XW-2C                   
1 40906U 15049H   24175.54269935  .00025555  00000+0  58074-3 0  9998
2 40906  97.4765 192.5187 0005536 271.4882  88.5731 15.42984720485453
XW-2D                   
1 40907U 15049J   24175.53027392  .00041972  00000+0  72923-3 0  9997
2 40907  97.4703 195.0880 0004605 241.8911 118.1876 15.50703015485684
LILACSAT-2              
1 40908U 15049K   24175.55301417  .00008068  00000+0  31132-3 0  9999
2 40908  97.5225 184.3073 0011009 336.2129  23.8599 15.26509972484464
XW-2B                   
1 40911U 15049N   24175.49523790  .00038797  00000+0  69359-3 0  9990
2 40911  97.4674 195.1390 0004367 245.3947 114.6849 15.49909883485541
LAPAN-A2                
1 40931U 15052B   24174.88421663  .00001301  00000+0  88633-4 0  9992
2 40931   6.0006 312.0275 0012706 165.2053 194.8447 14.77889922472309
FOX-1A (AO-85)          
1 40967U 15058D   24174.85849816  .00002046  00000+0  20272-3 0  9999
2 40967  64.7784 358.1202 0190140 302.2031  56.0762 14.82282228  5832
CAS-2T & KS-1Q          
1 41847U 16066G   24175.20913261  .00002362  00000+0  35105-3 0  9995
2 41847  98.4603 246.4642 0354549 159.0904 202.5211 14.41295816400369
ZHUHAI-1 02 (CAS-4B)    
1 42759U 17034B   24175.45103781  .00012309  00000+0  44379-3 0  9994
2 42759  43.0149 191.1520 0011299  24.0036 336.1341 15.28432340388367
ZHUHAI-1 01 (CAS-4A)    
1 42761U 17034D   24175.51725273  .00013416  00000+0  48136-3 0  9995
2 42761  43.0182 189.1213 0010063  35.9740 324.1788 15.28540751388384
MAX VALIER SAT          
1 42778U 17036P   24175.13733657  .00787726  32268-3  10796-2 0  9995
2 42778  97.0713 213.9133 0005907 201.2227 158.8812 16.06241543390542
RADFXSAT (FOX-1B)       
1 43017U 17073E   24174.61559649  .00005882  00000+0  36800-3 0  9998
2 43017  97.5773  49.9158 0208139 275.6382  82.1137 14.93547379356476
DIWATA-2B               
1 43678U 18084H   24175.49774991  .00001431  00000+0  13533-3 0  9994
2 43678  98.0719 333.6704 0009271  17.8447 342.3097 14.95331469307867
ES'HAIL 2               
1 43700U 18090A   24174.88539840  .00000159  00000+0  00000+0 0  9998
2 43700   0.0156  59.4235 0002117  64.9032 131.7643  1.00272079 20411
FOX-1CLIFF (AO-95)      
1 43770U 18099N   24175.41823714  .00006178  00000+0  42801-3 0  9996
2 43770  97.5455 233.1306 0012763 348.7770  11.3171 15.05934571303506
ITASAT                  
1 43786U 18099AE  24174.71381417  .00006082  00000+0  43899-3 0  9996
2 43786  97.5088 231.8207 0016473 336.5843  23.4631 15.04355924303400
JY1SAT (JO-97)          
1 43803U 18099AX  24174.87533385  .00006804  00000+0  45185-3 0  9998
2 43803  97.5195 233.4185 0008124 282.2579  77.7739 15.07507558303551
UWE-4                   
1 43880U 18111E   24175.29515867  .00008824  00000+0  54969-3 0  9994
2 43880  97.6116  80.9726 0016188 354.6597   5.4457 15.09698449298357
DUCHIFAT-3              
1 44854U 19089C   24174.91909833  .00013446  00000+0  67633-3 0  9997
2 44854  36.9580  14.2110 0004303 138.3448 221.7627 15.16622280249070
TIANYAN 01              
1 44881U 19093C   24175.51480478  .00001128  00000+0  14254-3 0  9993
2 44881  97.8284 252.1751 0013120 305.2860  54.7126 14.83775835243981
RS-44 & BREEZE-KM R/B   
1 44909U 19096E   24175.13209950  .00000024  00000+0  48965-4 0  9990
2 44909  82.5213 100.8275 0218390  37.5376 324.0747 12.79730760209781
BY70-2                  
1 45857U 20042B   24175.53472329  .00146080  00000+0  44508-2 0  9992
2 45857  97.9072 269.5014 0011928 210.6448 149.4097 15.33307200215521
SALSAT                  
1 46495U 20068K   24175.42373162  .00005799  00000+0  32952-3 0  9994
2 46495  97.8170 134.8724 0011966 295.8384  64.1611 15.13252531205254
UVSQ-SAT                
1 47438U 21006AB  24174.91845457  .00046464  00000+0  86355-3 0  9999
2 47438  97.3251 235.4833 0007896 180.8292 179.2947 15.48735649189620
LEDSAT                  
1 49069U 21073D   24175.15754329  .00012967  00000+0  51972-3 0  9997
2 49069  97.4375 246.2489 0017907 259.9374  99.9843 15.25007583157363
XW-3 (CAS-9)            
1 50466U 21131B   24175.51986451  .00000711  00000+0  24138-3 0  9996
2 50466  98.5286 260.5593 0005427 106.2526 253.9259 14.39674711130913
TEVEL-3                 
1 50988U 22002E   24175.50280559  .00195507  00000+0  15459-2 0  9991
2 50988  97.3745 251.7178 0004313 239.5500 120.5337 15.70756567136047
TEVEL-8                 
1 50989U 22002F   24175.48215910  .00187748  00000+0  15023-2 0  9993
2 50989  97.3768 251.7882 0004170 239.8554 120.2296 15.70493277136034
TEVEL-5                 
1 50998U 22002Q   24175.32234410  .00283662  00000+0  14836-2 0  9995
2 50998  97.3720 253.1034 0007000 242.9158 117.1396 15.80042272136129
TEVEL-6                 
1 50999U 22002R   24175.46206839  .00276962  00000+0  14775-2 0  9992
2 50999  97.3720 253.1980 0006957 243.1307 116.9250 15.79621636136142
TEVEL-1                 
1 51013U 22002AF  24175.47239343  .00175041  00000+0  14075-2 0  9996
2 51013  97.3740 251.5313 0004622 239.4689 120.6118 15.70410475136033
TEVEL-7                 
1 51062U 22002CG  24175.46623121  .00178084  00000+0  14100-2 0  9999
2 51062  97.3757 251.7506 0004691 238.9045 121.1758 15.70774235136030
TEVEL-4                 
1 51063U 22002CH  24175.45278278  .00182392  00000+0  14927-2 0  9992
2 51063  97.3764 251.6088 0004587 241.1397 118.9405 15.69961623136022
TEVEL-2                 
1 51069U 22002CP  24175.49978959  .00196010  00000+0  15469-2 0  9999
2 51069  97.3742 251.6829 0004433 239.9688 120.1135 15.70800926136042
GREENCUBE               
1 53106U 22080B   24174.10442972 -.00000003  00000+0  00000+0 0  9996
2 53106  70.1321 190.8128 0007590 106.1483 254.0012  6.42557669 45580
KAI-1 (RS26S)           
1 53378U 22096J   24175.43525679  .00123014  00000+0  90205-3 0  9994
2 53378  97.3949  94.7395 0005116 120.2804 239.8967 15.72766107105211
SIREN (RS30S)           
1 53384U 22096Q   24175.44384593  .00543445  12753-3  12143-2 0  9990
2 53384  97.3776  97.5107 0009984 139.7882 220.4136 15.97726284105400
CAS-5A (FO-118)         
1 54684U 22167C   24175.54270357  .00025144  00000+0  85123-3 0  9994
2 54684  97.6063 320.5211 0010833 125.9535 234.2712 15.30526583 85270
STRATOSAT-TK 1 (RS52S)  
1 57167U 23091B   24175.50522008  .00014022  00000+0  80375-3 0  9996
2 57167  97.6102 228.5583 0016650 100.0956 260.2154 15.12584071 54514
UMKA 1 (RS40S)          
1 57172U 23091G   24175.50449604  .00005477  00000+0  36223-3 0  9999
2 57172  97.6104 227.4859 0018218 100.7804 259.5475 15.07646372 54443
CUBESX-HSE 3 (RS42S)    
1 57178U 23091N   24175.45450930  .00006804  00000+0  43211-3 0  9993
2 57178  97.6142 227.8779 0018849  95.8604 264.4774 15.09042509 54450
MONITOR-4 (RS57S)       
1 57182U 23091S   24175.51036326  .00006817  00000+0  43856-3 0  9993
2 57182  97.6128 227.7491 0019061  96.5794 263.7605 15.08562573 54456
MONITOR-2 (RS39S)       
1 57184U 23091U   24175.46786651  .00004211  00000+0  27894-3 0  9992
2 57184  97.6142 227.8295 0015942  91.0109 269.2945 15.07747825 54453
SVYATOBOR 1 (RS60S)     
1 57187U 23091X   24175.48399256  .00006499  00000+0  41059-3 0  9997
2 57187  97.6144 228.2747 0015171  88.7913 271.5054 15.09302283 54482
VIZARD-METEO (RS38S)    
1 57189U 23091Z   24175.50003778  .00008532  00000+0  51754-3 0  9996
2 57189  97.6132 228.6791 0013856  86.9206 273.3609 15.10707514 54515
NANOZOND 1 (RS49S)      
1 57190U 23091AA  24175.49124152  .00011886  00000+0  67009-3 0  9992
2 57190  97.6109 229.1838 0012281  92.2076 268.0561 15.13275922 54553
POLYTECH-UNIVERSE 3 (R*)
1 57191U 23091AB  24175.47270038  .00004591  00000+0  30362-3 0  9993
2 57191  97.6110 227.5160 0021326 106.2079 254.1498 15.07684740 54443
UTMN 2 (RS27S)          
1 57203U 23091AP  24175.49297266  .00007599  00000+0  46768-3 0  9999
2 57203  97.6133 228.5321 0014289  87.2390 273.0474 15.10213077 54502
ARCCUBE 1 (RS25S)       
1 57205U 23091AR  24175.46425586  .00013049  00000+0  71238-3 0  9993
2 57205  97.6077 229.2724 0012472  93.5898 266.6760 15.14399492 54563
KUZGTU 1 (RS47S)        
1 57217U 23091AV  24175.53001880  .00006877  00000+0  43837-3 0  9996
2 57217  97.6121 227.8154 0018895  96.8063 263.5316 15.08900729 54468
HADES-D (SO-121)        
1 58567U 23174CY  24174.68147523  .00038654  00000+0  13134-2 0  9991
2 58567  97.4529 250.4264 0013514 201.8712 158.1954 15.30282439 34622